H        1      1      1     1     s  -13.600   1.3000   0.0000   1.0000   0.0000   1
He       2      2      1     1     s  -23.400   1.6880   0.0000   1.0000   0.0000   1
Li       3      1      1     2     s   -5.400   0.6500   0.0000   1.0000   0.0000   4
Li       3      1      1     2     p   -3.500   0.6500   0.0000   1.0000   0.0000   4
Be       4      2      1     2     s  -10.000   0.9750   0.0000   1.0000   0.0000   4
Be       4      2      1     2     p   -6.000   0.9750   0.0000   1.0000   0.0000   4
B        5      3      1     2     s  -15.200   1.3000   0.0000   1.0000   0.0000   4 
B        5      3      1     2     p   -8.500   1.3000   0.0000   1.0000   0.0000   4
C        6      4      1     2     s  -21.400   1.6250   0.0000   1.0000   0.0000   4
C        6      4      1     2     p  -11.400   1.6250   0.0000   1.0000   0.0000   4
N        7      5      1     2     s  -26.000   1.9500   0.0000   1.0000   0.0000   4 
N        7      5      1     2     p  -13.400   1.9500   0.0000   1.0000   0.0000   4
O        8      6      1     2     s  -32.300   2.2750   0.0000   1.0000   0.0000   4
O        8      6      1     2     p  -14.800   2.2750   0.0000   1.0000   0.0000   4
F        9      7      1     2     s  -40.000   2.4250   0.0000   1.0000   0.0000   4
F        9      7      1     2     p  -18.100   2.4250   0.0000   1.0000   0.0000   4
Ne      10      8      1     2     s  -43.200   2.8790   0.0000   1.0000   0.0000   4
Ne      10      9      1     2     p  -20.000   2.8790   0.0000   1.0000   0.0000   4
Na      11      1      1     3     s   -5.100   0.7330   0.0000   1.0000   0.0000   4
Na      11      1      1     3     p   -3.000   0.7330   0.0000   1.0000   0.0000   4
Mg      12      2      1     3     s   -9.000   1.1000   0.0000   1.0000   0.0000   4
Mg      12      2      1     3     p   -4.500   1.1000   0.0000   1.0000   0.0000   4
Al      13      3      1     3     s  -12.300   1.1670   0.0000   1.0000   0.0000   4
Al      13      3      1     3     p   -6.500   1.1670   0.0000   1.0000   0.0000   4
Si      14      4      1     3     s  -17.300   1.3830   0.0000   1.0000   0.0000   4
Si      14      4      1     3     p   -9.200   1.3830   0.0000   1.0000   0.0000   4
P       15      5      1     3     s  -18.600   1.7500   0.0000   1.0000   0.0000   4
P       15      5      1     3     p  -14.000   1.3000   0.0000   1.0000   0.0000   4
S       16      6      1     3     s  -20.000   2.1220   0.0000   1.0000   0.0000   4
S       16      6      1     3     p  -11.000   1.8270   0.0000   1.0000   0.0000   4
Cl      17      7      1     3     s  -26.300   2.1830   0.0000   1.0000   0.0000   4
Cl      17      7      1     3     p  -14.200   1.7330   0.0000   1.0000   0.0000   4
Ar      18      8      1     3     s   -0.0000  0.0000   0.0000   1.0000   0.0000   4
Ar      18      8      1     3     p   -0.0000  0.0000   0.0000   1.0000   0.0000   4
K       19      1      1     4     s   -4.340   0.8740   0.0000   1.0000   0.0000   4
K       19      1      1     4     p   -2.730   0.8740   0.0000   1.0000   0.0000   4
Ca      20      2      1     4     s   -7.000   1.2000   0.0000   1.0000   0.0000   9
Ca      20      2      1     4     p   -4.000   1.2000   0.0000   1.0000   0.0000   9
Ca      20      2      1     3     d   -0.000   0.0000   0.0000   1.0000   0.0000   9
Sc      21      3      1     4     s   -8.870   1.3000   0.0000   1.0000   0.0000   9
Sc      21      3      1     4     p   -2.750   1.3000   0.0000   1.0000   0.0000   9
Sc      21      3      2     3     d   -8.510   4.3500   1.7000   0.4228   0.7276   9
Ti      22      4      1     4     s   -8.970   1.0750   0.0000   1.0000   0.0000   9
Ti      22      4      1     4     p   -5.440   1.0750   0.0000   1.0000   0.0000   9
Ti      22      4      2     3     d  -10.810   4.5500   1.4000   0.4206   0.7839   9
V       23      5      1     4     s   -8.810   1.3000   0.0000   1.0000   0.0000   9
V       23      5      1     4     p   -5.520   1.3000   0.0000   1.0000   0.0000   9
V       23      5      2     3     d  -11.000   4.7500   1.7000   0.4755   0.7052   9
Cr      24      6      1     4     s   -8.660   1.7000   0.0000   1.0000   0.0000   9 
Cr      24      6      1     4     p   -5.240   1.7000   0.0000   1.0000   0.0000   9
Cr      24      6      2     3     d  -11.220   4.9500   1.8000   0.5060   0.6750   9
Mn      25      7      1     4     s   -9.750   0.9700   0.0000   1.0000   0.0000   9
Mn      25      7      1     4     p   -5.890   0.9700   0.0000   1.0000   0.0000   9
Mn      25      7      2     3     d  -11.670   5.1500   1.7000   0.5139   0.6929   9
Fe      26      8      1     4     s   -9.100   1.9000   0.0000   1.0000   0.0000   9
Fe      26      8      1     4     p   -5.320   1.9000   0.0000   1.0000   0.0000   9
Fe      26      8      2     3     d  -12.600   5.3500   2.0000   0.5505   0.6260   9
Co      27      9      1     4     s   -9.210   2.0000   0.0000   1.0000   0.0000   9 
Co      27      9      1     4     p   -5.290   2.0000   0.0000   1.0000   0.0000   9
Co      27      9      2     3     d  -13.180   5.5500   2.1000   0.5680   0.6060   9
Ni      28      10     1     4     s  -10.950   2.1000   0.0000   1.0000   0.0000   9
Ni      28      10     1     4     p   -6.270   2.1000   0.0000   1.0000   0.0000   9
Ni      28      10     2     3     d  -14.200   5.7500   2.3000   0.5683   0.6292   9
Cu      29      11     1     4     s  -11.400   2.2000   0.0000   1.0000   0.0000   9
Cu      29      11     1     4     p   -6.060   2.2000   0.0000   1.0000   0.0000   9
Cu      29      11     2     3     d  -14.000   5.9500   2.3000   0.5933   0.5744   9
Zn      30      12     1     4     s  -12.410   2.0100   0.0000   1.0000   0.0000   4
Zn      30      12     1     4     p   -6.530   1.7000   0.0000   1.0000   0.0000   4
Ga      31      3      1     4     s  -14.580   1.7700   0.0000   1.0000   0.0000   4
Ga      31      3      1     4     p   -6.750   1.5500   0.0000   1.0000   0.0000   4
Ge      32      4      1     4     s  -16.000   2.1600   0.0000   1.0000   0.0000   4
Ge      32      4      1     4     p   -9.000   1.8500   0.0000   1.0000   0.0000   4
As      33      5      1     4     s  -16.220   2.2300   0.0000   1.0000   0.0000   4 
As      33      5      1     4     p  -12.160   1.8900   0.0000   1.0000   0.0000   4
Se      34      6      1     4     s  -20.500   2.4400   0.0000   1.0000   0.0000   4
Se      34      6      1     4     p  -14.400   2.0700   0.0000   1.0000   0.0000   4
Br      35      7      1     4     s  -22.070   2.5880   0.0000   1.0000   0.0000   4
Br      35      7      1     4     p  -13.100   2.1310   0.0000   1.0000   0.0000   4
Kr      36      8      1     4     s   -0.000   0.0000   0.0000   1.0000   0.0000   4
Kr      36      8      1     4     p   -0.000   0.0000   0.0000   1.0000   0.0000   4
Rb      37      1      1     5     s   -4.180   0.9970   0.0000   1.0000   0.0000   4
Rb      37      1      1     5     p   -2.600   0.9970   0.0000   1.0000   0.0000   4
Sr      38      2      1     5     s   -6.620   1.2140   0.0000   1.0000   0.0000   9
Sr      38      2      1     5     p   -3.920   1.2140   0.0000   1.0000   0.0000   9
Sr      38      2      1     4     d   -0.000   0.0000   0.0000   1.0000   0.0000   9
Y       39      3      1     5     s   -0.000   0.0000   0.0000   1.0000   0.0000   9
Y       39      3      1     5     p   -0.000   0.0000   0.0000   1.0000   0.0000   9
Y       39      3      1     4     d   -0.000   0.0000   0.0000   1.0000   0.0000   9
Zr      40      4      1     5     s   -9.870   1.8170   0.0000   1.0000   0.0000   9
Zr      40      4      1     5     p   -6.760   1.7760   0.0000   1.0000   0.0000   9
Zr      40      4      2     4     d  -11.180   3.8350   1.5050   0.6210   0.5769   9
Nb      41      5      1     5     s  -10.100   1.8900   0.0000   1.0000   0.0000   9
Nb      41      5      1     5     p   -6.860   1.8500   0.0000   1.0000   0.0000   9
Nb      41      5      2     4     d  -12.100   4.0800   1.6400   0.6401   0.5516   9
Mo      42      6      1     5     s   -8.340   1.9600   0.0000   1.0000   0.0000   9
Mo      42      6      1     5     p   -5.240   1.9000   0.0000   1.0000   0.0000   9
Mo      42      6      2     4     d  -10.500   4.5400   1.9000   0.6097   0.6097   9
Tc      43      7      1     5     s  -10.070   2.0180   0.0000   1.0000   0.0000   9
Tc      43      7      1     5     p   -5.400   1.9840   0.0000   1.0000   0.0000   9
Tc      43      7      2     4     d  -12.820   4.9000   2.0940   0.5715   0.6012   9
Ru      44      8      1     5     s  -10.400   2.0800   0.0000   1.0000   0.0000   9
Ru      44      8      1     5     p   -6.870   2.0400   0.0000   1.0000   0.0000   9
Ru      44      8      2     4     d  -14.900   5.3800   2.3000   0.5340   0.6365   9
Rh      45      9      1     5     s   -8.090   2.1350   0.0000   1.0000   0.0000   9
Rh      45      9      1     5     p   -4.570   2.1000   0.0000   1.0000   0.0000   9
Rh      45      9      2     4     d  -12.500   4.2900   1.9700   0.5807   0.5685   9
Pd      46     10      1     5     s   -7.320   2.1900   0.0000   1.0000   0.0000   9
Pd      46     10      1     5     p   -3.750   2.1520   0.0000   1.0000   0.0000   9
Pd      46     10      2     4     d  -12.020   5.9830   2.6130   0.5535   0.6701   9
Ag      47     11      1     5     s   -7.560   2.2440   0.0000   1.0000   0.0000   9
Ag      47     11      1     5     p   -3.830   2.2440   0.0000   1.0000   0.0000   9
Ag      47     11      1     4     d  -11.580   6.0700   2.6630   0.5889   0.6370   9
Cd      48     12      1     5     s  -11.800   1.6400   0.0000   1.0000   0.0000   9
Cd      48     12      1     5     p   -8.200   1.6000   0.0000   1.0000   0.0000   9
Cd      48     12      1     4     d   -0.000   0.0000   0.0000   1.0000   0.0000   9
In      49     3       1     5     s  -12.600   1.9030   0.0000   1.0000   0.0000   4
In      49     3       1     5     p   -6.190   1.6770   0.0000   1.0000   0.0000   4
Sn      50     4       1     5     s  -16.160   2.1200   0.0000   1.0000   0.0000   4
Sn      50     4       1     5     p   -8.320   1.8200   0.0000   1.0000   0.0000   4
Sb      51     5       1     5     s  -18.800   2.3230   0.0000   1.0000   0.0000   4
Sb      51     5       1     5     p  -11.700   1.9990   0.0000   1.0000   0.0000   4
Te      52     6       1     5     s  -20.800   2.5100   0.0000   1.0000   0.0000   4
Te      52     6       1     5     p  -14.800   2.1600   0.0000   1.0000   0.0000   4
I       53     7       1     5     s  -18.000   2.6790   0.0000   1.0000   0.0000   4
I       53     7       1     5     p  -12.700   2.3220   0.0000   1.0000   0.0000   4
Xe      54     8       1     5     s   -0.000   0.0000   0.0000   1.0000   0.0000   4
Xe      54     8       1     5     p   -0.000   0.0000   0.0000   1.0000   0.0000   4
Cs      55     1       1     6     s   -3.880   1.0600   0.0000   1.0000   0.0000   4
Cs      55     1       1     6     p   -2.490   1.0600   0.0000   1.0000   0.0000   4
Ba      56     2       1     6     s   -0.000   0.0000   0.0000   1.0000   0.0000   9
Ba      56     2       1     6     p   -0.000   0.0000   0.0000   1.0000   0.0000   9
Ba      56     2       1     5     d   -0.000   0.0000   0.0000   1.0000   0.0000   9
La      57     3       1     6     s   -7.670   2.1400   0.0000   1.0000   0.0000   9
La      57     3       1     6     p   -5.010   2.0800   0.0000   1.0000   0.0000   9
La      57     3       2     5     d   -8.210   3.7800   1.3810   0.7765   0.4586   9
Ce      58     4       1     6     s   -4.970   1.7990   0.0000   1.0000   0.0000  16 
Ce      58     4       1     6     p   -4.970   1.7990   0.0000   1.0000   0.0000  16
Ce      58     4       1     5     d   -6.430   2.7470   0.0000   1.0000   0.0000  16
Ce      58     4       1     4     f  -11.280   3.9070   0.0000   1.0000   0.0000  16 
Pr      59     5       1     6     s   -0.000   0.0000   0.0000   1.0000   0.0000  16
Pr      59     5       1     6     p   -0.000   0.0000   0.0000   1.0000   0.0000  16
Pr      59     5       1     5     d   -0.000   0.0000   0.0000   0.0000   0.0000  16 
Pr      59     5       1     4     f   -0.000   0.0000   0.0000   0.0000   0.0000  16 
Nd      60     6       1     6     s   -0.000   0.0000   0.0000   1.0000   0.0000  16
Nd      60     6       1     6     p   -0.000   0.0000   0.0000   1.0000   0.0000  16
Nd      60     6       1     5     d   -0.000   0.0000   0.0000   1.0000   0.0000  16
Nd      60     6       1     4     f   -0.000   0.0000   0.0000   1.0000   0.0000  16
Pm      61     7       1     6     s   -0.000   0.0000   0.0000   1.0000   0.0000  16
Pm      61     7       1     6     p   -0.000   0.0000   0.0000   1.0000   0.0000  16
Pm      61     7       1     5     d   -0.000   0.0000   0.0000   1.0000   0.0000  16
Pm      61     7       1     4     f   -0.000   0.0000   0.0000   1.0000   0.0000  16
Sm      62     8       1     6     s   -4.860   1.4000   0.0000   1.0000   0.0000  16
Sm      62     8       1     6     p   -4.860   1.4000   0.0000   1.0000   0.0000  16
Sm      62     8       2     5     d   -6.060   2.7470   1.2670   0.7184   0.4447  16
Sm      62     8       2     4     f  -11.280   6.9070   2.6390   0.7354   0.4597  16
Eu      63     9       1     6     s   -0.000   0.0000   0.0000   1.0000   0.0000  16
Eu      63     9       1     6     p   -0.000   0.0000   0.0000   1.0000   0.0000  16
Eu      63     9       1     5     d   -0.000   0.0000   0.0000   1.0000   0.0000  16
Eu      63     9       1     4     f   -0.000   0.0000   0.0000   1.0000   0.0000  16
Gd      64     10      1     6     s   -5.440   1.3690   0.0000   1.0000   0.0000  16
Gd      64     10      1     6     p   -5.440   0.0000   0.0000   1.0000   0.0000  16
Gd      64     10      2     5     d   -6.060   2.7470   1.2670   0.7184   0.4447  16
Gd      64     10      2     4     f  -11.280   6.9070   2.6390   0.7354   0.4597  16
Tb      65     11      1     6     s   -0.000   0.0000   0.0000   1.0000   0.0000  16
Tb      65     11      1     6     p   -0.000   0.0000   0.0000   1.0000   0.0000  16
Tb      65     11      1     5     d   -0.000   0.0000   0.0000   1.0000   0.0000  16
Tb      65     11      1     4     f   -0.000   0.0000   0.0000   1.0000   0.0000  16
Dy      66     12      1     6     s   -0.000   0.0000   0.0000   1.0000   0.0000  16
Dy      66     12      1     6     p   -0.000   0.0000   0.0000   1.0000   0.0000  16
Dy      66     12      1     5     d   -0.000   0.0000   0.0000   1.0000   0.0000  16
Dy      66     12      1     4     f   -0.000   0.0000   0.0000   1.0000   0.0000  16
Ho      67     13      1     6     s   -0.000   0.0000   0.0000   1.0000   0.0000  16
Ho      67     13      1     6     p   -0.000   0.0000   0.0000   1.0000   0.0000  16
Ho      67     13      1     5     d   -0.000   0.0000   0.0000   1.0000   0.0000  16
Ho      67     13      1     4     f   -0.000   0.0000   0.0000   1.0000   0.0000  16
Er      68     14      1     6     s   -0.000   0.0000   0.0000   1.0000   0.0000  16
Er      68     14      1     6     p   -0.000   0.0000   0.0000   1.0000   0.0000  16
Er      68     14      1     5     d   -0.000   0.0000   0.0000   1.0000   0.0000  16
Er      68     14      1     4     f   -0.000   0.0000   0.0000   1.0000   0.0000  16
Tm      69     15      1     6     s   -0.000   0.0000   0.0000   1.0000   0.0000  16
Tm      69     15      1     6     p   -0.000   0.0000   0.0000   1.0000   0.0000  16
Tm      69     15      1     5     d   -0.000   0.0000   0.0000   1.0000   0.0000  16 
Tm      69     15      1     4     f   -0.000   0.0000   0.0000   1.0000   0.0000  16
Yb      70     16      1     6     s   -5.350   1.5400   0.0000   1.0000   0.0000  16
Yb      70     16      1     6     p   -5.350   1.5400   0.0000   1.0000   0.0000  16
Yb      70     16      2     5     d   -5.210   2.8100   1.2160   0.7063   0.4834  16
Yb      70     16      2     4     f  -13.860   8.6290   3.1980   0.7460   0.4564  16
Lu      71     17      1     6     s   -6.050   1.6660   0.0000   1.0000   0.0000  16
Lu      71     17      1     6     p   -6.050   1.6660   0.0000   1.0000   0.0000  16
Lu      71     17      2     5     d   -5.120   2.8130   1.2100   0.7044   0.4880  16
Lu      71     17      2     4     f  -22.400   9.1360   3.6660   0.7330   0.4459  16
Hf      72     4       1     6     s   -4.840   1.5270   0.0000   1.0000   0.0000   9
Hf      72     4       1     6     p   -4.840   0.0000   0.0000   1.0000   0.0000   9
Hf      72     4       1     5     d   -6.560   0.0000   0.0000   1.0000   0.0000   9
Ta      73     5       1     6     s  -10.100   2.2800   0.0000   1.0000   0.0000   9
Ta      73     5       1     6     p   -6.860   2.2410   0.0000   1.0000   0.0000   9
Ta      73     5       2     5     d  -12.100   4.7620   1.9380   0.6815   0.6815   9
W       74     6       1     6     s   -8.260   2.3410   0.0000   1.0000   0.0000   9 
W       74     6       1     6     p   -5.170   2.3090   0.0000   1.0000   0.0000   9
W       74     6       2     5     d  -10.370   4.9820   2.0680   0.6940   0.5631   9
Re      75     7       1     6     s   -9.360   2.3980   0.0000   1.0000   0.0000   9 
Re      75     7       1     6     p   -5.960   2.3720   0.0000   1.0000   0.0000   9
Re      75     7       2     5     d  -12.660   5.3430   2.2770   0.6662   0.5910   9
Os      76     8       1     6     s   -8.170   2.4520   0.0000   1.0000   0.0000   9
Os      76     8       1     6     p   -4.810   2.4290   0.0000   1.0000   0.0000   9
Os      76     8       2     5     d  -11.840   5.5710   2.4160   0.6372   0.5598   9
Ir      77     9       1     6     s  -11.360   2.5000   0.0000   1.0000   0.0000   9
Ir      77     9       1     6     p   -4.500   2.2000   0.0000   1.0000   0.0000   9
Ir      77     9       2     5     d  -12.170   5.7960   2.5570   0.6698   0.5860   9
Pt      78     10      1     6     s   -9.077   2.5540   0.0000   1.0000   0.0000   9
Pt      78     10      1     6     p   -5.475   2.5540   0.0000   1.0000   0.0000   9
Pt      78     10      2     5     d  -12.590   6.0130   2.6960   0.6334   0.5513   9 
Au      79     11      1     6     s  -10.920   2.6020   0.0000   1.0000   0.0000   9
Au      79     11      1     6     p   -5.550   2.5840   0.0000   1.0000   0.0000   9
Au      79     11      2     5     d  -15.070   6.1630   2.7940   0.6851   0.5696   9
Hg      80     12      1     6     s  -13.680   2.6490   0.0000   1.0000   0.0000   9
Hg      80     12      1     6     p   -8.470   2.6310   0.0000   1.0000   0.0000   9 
Hg      80     12      2     5     d  -17.500   6.4360   3.0320   0.6438   0.5215   9
Tl      81     3       1     6     s  -11.600   2.3000   0.0000   1.0000   0.0000   4 
Tl      81     3       1     6     p   -5.800   1.6000   0.0000   1.0000   0.0000   4
Pb      82     4       1     6     s  -15.700   2.3500   0.0000   1.0000   0.0000   4
Pb      82     4       1     6     p   -8.000   2.0600   0.0000   1.0000   0.0000   4
Bi      83     5       1     6     s  -15.190   2.5600   0.0000   1.0000   0.0000   4
Bi      83     5       1     6     p   -7.790   2.0720   0.0000   1.0000   0.0000   4
Po      84     6       1     6     s   -0.000   0.0000   0.0000   1.0000   0.0000   4
Po      84     6       1     6     p   -0.000   0.0000   0.0000   1.0000   0.0000   4
At      85     7       1     6     s   -0.000   0.0000   0.0000   1.0000   0.0000   4
At      85     7       1     6     p   -0.000   0.0000   0.0000   1.0000   0.0000   4
Rn      86     8       1     6     s   -0.000   0.0000   0.0000   1.0000   0.0000   4
Rn      86     8       1     6     p   -0.000   0.0000   0.0000   1.0000   0.0000   4
Fr      87     1       1     7     s   -0.000   0.0000   0.0000   1.0000   0.0000   4
Fr      87     1       1     7     p   -0.000   0.0000   0.0000   1.0000   0.0000   4
Ra      88     2       1     7     s   -0.000   0.0000   0.0000   1.0000   0.0000   4
Ra      88     2       1     7     p   -0.000   0.0000   0.0000   1.0000   0.0000   4
Ac      89     3       1     7     s   -5.190   0.0000   0.0000   1.0000   0.0000   9
Ac      89     3       1     7     p   -5.190   0.0000   0.0000   1.0000   0.0000   9
Ac      89     3       1     6     d   -4.790   0.0000   0.0000   1.0000   0.0000   9
